-0.41269
1.2867
-4.621
-5.2976
-1.4909
3.4682
5.6033
-0.30388
-5.651
0.38716
2.1408
0.99885
-1.4672
-4.9316
3.1717
0.87687
-0.00056547
-1.24
-1.7097
1.4401
2.2995
-4.8394
-2.007
-2.3604
1.8201
3.0667
1.1475
-2.9704
3.8607
-1.4861
-5.0733
-7.82
4.4422
0.65813
1.2895
-1.7767
-4.8346
-1.3044
-0.64987
-0.69529
6.3089
-1.023
-3.7675
-0.88346
3.8721
-4.247
-1.42
-5.7698
1.4341
-0.59876
-5.6589
2.0752
5.1007
-4.7133
1.9108
-1.9417
3.2252
-1.1559
-2.4621
-2.7195
1.4808
0.91345
1.6576
-2.1989
2.0385
-6.0319
-0.66882
6.3806
0.61391
-0.89965
2.5678
-0.33273
0.62563
4.0458
-3.1622
-2.6672
-0.10602
-2.295
-0.37067
-1.5276
1.3468
4.8206
3.3498
8.4065
4.1796
2.8536
-2.7901
3.8092
-0.64452
-3.2685
-0.34239
-3.9451
-4.3326
-4.0917
-1.7634
-0.11502
3.2915
-7.4181
-1.6351
1.8545
-1.2067
-0.49187
-0.43187
-1.9463
-3.5733
-2.9798
1.9665
-4.5152
1.1684
-2.5084
1.8942
3.118
-0.14037
0.54789
3.5098
-0.031175
0.65985
-3.2796
3.1537
-2.2918
-3.2545
-4.2202
2.7788
-3.6709
-4.3082
0.48577
-3.0086
3.8193
2.7356
-0.81113
3.3887
-0.96425
1.7578
-5.8514
2.6235
0.17386
4.3863
-2.0517
0.85897
-7.1109
-6.0095
3.527
2.8053
-0.096597
1.493
1.6522
-4.3277
2.6811
-2.0321
0.097952
-0.9184
-1.8171
0.13566
-2.7848
-1.105
2.5239
-0.91252
1.7738
4.5536
1.6049
1.4068
3.4385
2.8728
-0.29737
5.054
-2.033
-5.2135
1.3378
-6.0927
6.7069
2.8494
-1.8692
1.9924
-0.92382
-1.4458
-1.8485
4.1531
2.0209
3.1319
1.0463
0.73537
0.42135
1.9587
4.6
0.1634
3.1529
1.7716
-2.0628
-2.3083
-0.045074
-4.451
2.0345
0.30411
2.0313
1.7233
-1.3678
-4.0322
-4.8009
-3.4539
-2.324
0.54317
5.2482
3.4062
-0.21551
3.2788
-4.2118
-3.2045
-4.3141
-1.2096
1.7834
3.1189
1.1025
5.8582
-1.205
-2.718
4.717
1.166
0.11553
-0.75387
-1.3488
-1.7533
5.1888
2.4459
5.7967
3.0481
-1.7331
2.8591
-0.033411
0.39846
-0.41643
2.1381
-5.3653
-4.8754
5.2971
-1.5139
1.3588
-0.50708
1.499
2.4168
-3.3666
6.707
-4.4332
1.461
0.49106
1.9455
-0.32155
4.7801
5.9469
-0.023103
-1.7202
-3.6488
-0.47468
-2.0499
1.1778
-1.2376
-1.421
-1.9859
0.34525
-2.2602
2.6711
-1.9315
-1.5357
-2.2793
-3.014
-2.9128
-3.5916
-3.5549
-2.3626
-1.5356
0.93341
-7.5942
-1.9485
-6.4723
1.1867
0.034237
-2.0744
-0.24925
-3.0394
3.6084
0.61931
2.4936
-0.72094
1.6812
3.2151
0.73349
-0.46885
1.2743
-1.7242
0.37649
2.3844
-3.9622
0.16463
3.9626
1.5122
-2.8437
-1.9195
1.0543
-2.6411
0.27443
0.65392
1.0569
0.68142
-0.13714
-1.8313
3.0116
-0.71584
10.114
3.8953
-3.2911
-0.28776
0.26495
-0.083984
-2.1534
2.4653
-0.71159
7.5818
-1.3881
0.88012
4.7626
6.9521
4.6604
-3.4444
-0.70306
-2.7529
-3.8012
0.33923
-1.8264
-3.1232
0.4358
-1.1415
-2.6982
-4.1085
-1.1773
6.486
0.96128
1.9248
-4.7238
-4.3166
3.5306
0.89452
5.7483
0.32719
-2.3417
-1.4908
3.8219
-0.88476
0.30773
1.7925
-1.4994
3.7135
0.64341
-2.6961
-1.9415
-3.3312
2.7168
-1.347
-1.5058
4.3733
1.7652
2.7862
3.6215
0.3881
-0.24655
3.2264
-1.8992
4.6442
1.892
0.52379
0.93475
-3.5126
1.9288
-0.051237
-5.3644
0.36842
2.9859
4.6853
-0.76557
0.21566
-0.93013
3.7334
1.6734
-3.9964
-5.1603
-2.5807
-2.3646
1.1078
1.4575
-4.3516
-0.46972
-0.30494
2.6202
1.6882
-0.91054
0.34277
2.2455
2.4683
-0.066656
-0.5216
-2.2273
1.1557
-1.0282
-1.0824
-2.9855
1.2548
2.2848
0.9476
1.7319
-4.5242
2.6417
-4.9941
-1.6312
0.60407
-1.7241
7.8335
2.4726
-4.3327
7.356
0.050601
4.1637
1.2108
8.4422
0.62802
1.2779
4.8478
3.8406
1.6778
2.0098
5.2594
0.4999
-1.6565
-2.4745
-3.2419
-1.1834
3.4201
-3.8218
2.865
3.4195
-3.625
-2.8331
0.44001
-2.3678
1.1849
-1.1877
-5.0802
7.4288
0.87086
-5.8799
0.1393
5.9179
2.056
-0.24747
6.6038
1.6815
0.27642
-3.1358
1.8677
0.026435
1.9158
-5.1805
0.51143
-4.5992
2.4673
-3.5511
-0.55766
1.7248
-0.80883
-1.7332
0.25994
-5.128
0.2296
0.58301
-2.2467
0.99692
-2.7545
-2.6469
-0.086848
-4.4839
-1.238
-0.41772
-3.434
3.071
4.7871
4.5472
-2.7577
3.2814
2.1638
0.30804
1.9141
-0.18945
-4.0939
-0.46734
0.33626
-1.9517
8.1403
-1.1338
-0.91225
6.8862
4.3541
3.1258
4.6126
0.14391
2.7422
-0.75839
2.8678
-2.498
2.0196
-2.1812
-0.82155
-1.0433
4.3197
1.6711
-2.8255
0.030475
-1.3718
-2.6876
3.1685
-1.8397
0.71262
-3.0254
3.3629
0.82947
-1.3683
-1.3993
-0.54734
-3.4502
-0.32861
2.3837
3.543
2.2862
-2.5064
-4.4713
5.2945
2.2268
3.8121
-0.8615
0.24733
6.155
0.80155
4.1699
-2.0628
-0.51357
-4.5775
2.328
1.0666
0.10573
-0.79186
-1.5831
-0.4525
-7.9928
4.7948
-2.7619
1.1332
2.7865
-2.773
1.8437
1.5276
0.79432
-5.2498
3.1817
-8.0473
-2.069
-4.077
3.3487
0.30674
-3.2891
1.9598
2.2442
-2.9916
-1.9918
-1.1372
2.5914
3.473
-1.8016
1.0882
-1.4511
0.90455
-0.34527
-0.74365
0.58295
2.937
1.2729
-3.4276
4.3339
2.8577
3.5008
-4.0755
3.5059
0.49983
3.9766
-2.5337
-2.5199
2.3993
-4.1553
-1.8408
0.88541
-0.75167
-2.784
-5.2653
-0.065786
6.3455
1.7478
-6.9532
-3.5917
-3.6756
-0.35933
-3.1367
0.46407
1.4523
-4.1591
-5.6374
-2.4323
-2.3375
1.7005
-2.7614
0.056079
3.0642
0.31082
2.346
3.9967
-3.1029
1.5681
6.3812
-1.89
3.5704
2.0549
-1.1522
-5.4876
-0.47595
-1.0389
2.5618
-1.6122
-4.5229
2.0884
1.3148
4.837
-1.872
0.67436
-1.2522
3.9016
-1.3907
-0.93409
-0.22736
-4.4609
-0.65382
1.0871
-0.81835
-0.48174
-1.7919
-4.2375
0.73124
1.1418
-1.8524
-0.41072
0.15164
-1.8311
0.12654
-0.44763
-1.9752
-9.8544
-3.8976
-0.75119
-1.1499
-1.3989
-2.1406
1.5352
-1.9387
1.6481
2.1578
-5.4349
-4.1076
3.1967
-0.033636
-0.3364
4.0992
1.4552
-1.4481
1.2816
-2.0686
0.25161
0.75059
1.0143
4.6338
-2.9366
3.6271
0.3315
1.0517
0.87877
2.2923
-0.3162
3.1457
0.16762
0.060543
1.2375
3.0983
-0.80618
4.4899
-2.0251
-0.9952
-4.187
0.418
0.57083
2.6687
-0.43714
1.4819
-1.0214
0.019692
1.8524
-0.13318
0.88077
0.58064
-3.5473
4.3046
3.2071
-2.2136
1.6606
3.6404
-0.61303
2.9763
-6.2332
-1.892
-2.9962
3.0081
-3.1271
-0.99894
-2.4716
1.8966
-3.751
-4.463
3.7392
0.87481
-3.8577
1.7288
-3.3334
-1.1417
0.42922
4.1786
-1.1569
2.0257
1.1109
1.6794
-5.0902
3.5756
-2.4092
-3.0093
-2.1743
-2.6566
0.80803
-1.1449
-3.0463
0.52639
-3.9011
-5.4968
-4.0045
-1.293
-0.94202
1.9357
-2.3784
2.2711
2.8572
-1.8501
4.6907
0.23309
3.322
-1.4042
5.0693
2.1844
-0.32717
-1.634
-2.3552
-2.057
2.7536
-0.8614
1.1381
4.173
-0.26957
3.8412
3.4356
-2.0403
-0.93587
-0.029642
-1.0671
2.4873
0.98283
3.9625
3.6005
1.6931
2.6571
1.7926
-0.69233
2.2244
-0.2909
5.8618
-1.9442
1.3052
2.4495
-2.5854
-1.5134
-2.5684
-4.6413
3.4907
-2.6174
-5.9761
-3.1883
4.458
3.76
0.20974
1.8757
-0.29077
-3.3423
-1.8138
-4.8201
-1.5978
1.2949
-9.8616
-0.91661
5.1087
4.113
3.9947
-0.24642
-2.9367
5.2918
0.088156
-4.7289
2.37
-0.064312
-0.14271
-3.3115
-2.42
3.877
2.0402
-0.093712
-3.7291
1.2623
0.67999
5.5553
-0.53638
-3.6173
-2.0172
-0.82791
0.91964
-3.8672
0.53448
-1.7042
2.3077
-0.30484
1.6101
0.34226
0.49209
-1.5883
4.747
-1.3077
-2.321
4.9023
3.1538
3.2752
1.0546
-4.8213
3.0167
-1.873
-4.2079
0.5017
2.8643
5.5524
4.463
3.1715
2.9377
2.7699
2.538
0.38071
5.717
-1.6005
2.4421
-3.8548
5.6942
-3.1088
-0.2932
2.5453
0.21264
1.8991
-4.2262
-0.092184
-0.66888
-2.4104
6.5416
-2.176
-1.1342
-1.3002
0.73627
-2.3252
-0.55876
3.4379
3.5643
1.2745
0.044376
4.4177
-2.5606
-1.5808
-1.9268
5.3219
-3.0389
0.070439
1.6224
-1.3857
-4.0319
0.15606
-1.393
-5.081
0.33072
0.36546
-2.4978
4.5767
-3.9149
-3.8602
-2.0687
4.798
-5.1842
-0.30938
-3.9725
-0.52667
-3.2495
-8.0522
0.4149
-1.3526
-4.1017
2.8732
-0.071755
2.5199
-1.2249
-0.21706
2.0714
-2.7024
-1.4813
2.7075
-2.4788
2.0575
4.927
-0.96399
-1.6762
1.6805
0.886
4.9457
4.3198
-1.4669
-0.87351
2.767
0.85596
-2.7999
3.4777
-1.0439
-1.815
5.575
2.3245
2.2522
-0.39624
-0.77264
1.8538
1.1542
-3.9374
-1.0169
3.4174
3.1065
2.819
3.179
-2.2606
-2.8986
0.22374
-0.99887
-0.71384
-8.8718e-05
-2.8904
-1.2381
-1.0614
-0.35379
0.98245
-1.6424
3.7639
-2.5901
3.2372
-0.55179
3.3298
-3.386
3.7245
1.3228
2.9643
3.2203
-0.65786
4.2238
3.5688
-4.0999
8.3703
0.73962
3.5271
0.87097
7.3704
-0.53996
5.1911
2.4786
2.9907
-5.8741
-2.5501
-2.6305
2.7856
-2.9573
2.4641
6.5432
1.9077
1.5078
-0.89853
0.76743
3.3437
1.5762
-0.37302
-1.2182
-4.1919
-2.648
0.58083
-0.43573
3.3869
1.7514
0.20491
-0.44433
3.0595
-1.5892
-0.76781
