0.54585
-6.4266
0.61719
2.8885
0.11412
0.33533
-3.1654
0.26237
1.5036
1.9039
-2.0591
-2.2971
2.4805
0.12931
-6.5997
-1.0334
1.142
-1.0316
0.14301
-0.97185
-2.8838
3.9566
-1.0772
3.0696
1.2599
-3.8993
1.4163
1.4368
3.3666
3.298
5.6959
-0.55356
-3.0717
-1.1221
-2.3657
0.41608
4.6613
3.0494
1.9069
-1.6727
1.131
-1.665
1.1904
-3.6695
1.3881
0.18648
2.1967
5.9404
-3.7327
-1.4593
3.8759
-1.0265
-1.2288
2.0823
-3.4875
-1.7065
3.1903
-0.091296
-1.4837
1.8729
4.3882
-1.3977
1.0356
3.0508
2.0971
6.6917
0.32944
-4.2439
0.64892
1.3812
-0.4722
3.6791
-0.46018
-0.62427
-3.6836
-1.6257
-4.062
-1.2289
-0.15958
0.274
-1.4999
-2.7307
-2.4858
0.46912
-2.4722
2.5704
1.9301
0.97528
2.5769
3.1883
0.54705
1.6142
2.9679
-1.9488
-0.81899
-2.1302
-1.5239
7.8755
4.8807
-4.725
0.54089
0.65744
3.0611
-0.32142
-1.1428
-1.6466
-0.34272
-0.82422
-2.8745
2.9855
-2.7521
-0.82689
-4.5264
-1.592
-4.2669
-1.6098
1.9323
2.2718
-4.0446
-3.3974
2.8162
0.57654
4.2549
1.2035
0.2048
1.3236
-0.86632
-2.0614
-0.81621
2.7922
-3.8145
0.93381
0.2389
1.8244
1.6324
-0.78519
-0.29178
0.25117
1.3881
7.7021
3.3854
-0.53332
-4.2268
0.67438
-0.15396
-1.7402
-0.13212
-2.1848
-0.5465
1.7774
1.4511
0.63816
1.2259
-1.8147
2.0827
0.024695
0.21741
-1.0044
-5.5174
-2.7606
1.3504
-3.3489
-4.1382
-4.3728
-1.9428
4.1226
2.3056
1.3143
0.30467
0.88001
-4.3466
-1.9918
-2.2795
-2.6253
0.23638
-2.6639
-4.8711
-2.0254
-2.3031
-1.4902
2.4594
-1.1963
-5.8533
-0.94027
0.75692
0.15493
0.080237
-3.4441
-0.5183
-0.46715
-0.81406
-2.6723
0.21443
-3.2276
-4.944
2.3188
1.9664
3.3533
2.9694
-0.85317
0.67451
-1.823
-2.8672
0.25828
1.803
2.3723
1.9206
5.7424
4.7404
-2.1897
-1.8271
1.0893
-0.13961
2.7577
0.66503
-3.0645
-1.5557
1.4991
0.67023
3.5529
2.745
-0.82241
-2.7174
-3.7388
0.39438
-0.45818
-3.1374
-0.469
0.69363
-3.5168
-3.6515
5.2822
4.7637
-0.90566
2.9713
2.0727
-0.033358
1.3899
1.8428
-1.9359
-4.3435
3.9995
-0.5823
-0.65544
1.5252
0.39108
-4.9964
0.69779
2.2687
3.6256
-0.051246
2.2057
-0.56849
-0.10827
-0.73909
1.7682
-0.07624
-1.6568
3.3425
-2.9046
-1.9375
2.6476
1.7845
2.0958
3.7527
4.7671
0.5624
1.1233
2.4252
1.1552
6.4807
-3.9031
3.7832
0.07473
-2.7718
1.0291
-1.2624
-0.25461
0.40709
-0.85946
2.6088
5.2526
2.737
0.26393
1.2242
-3.7743
-5.7874
2.7258
3.0941
-2.8802
7.029
2.5109
-4.9857
1.7557
2.8858
5.5365
1.5074
2.6195
2.4166
-0.56565
-4.8266
0.8751
-3.6527
-0.58669
-1.5012
1.5289
-7.1321
0.14916
0.71783
2.5962
-0.89374
1.7461
3.0151
-0.18705
-2.325
-5.2988
3.2008
-4.2694
-4.851
0.50124
-5.1152
-1.1625
-2.7396
2.1232
0.39364
-0.88726
0.80102
3.2974
1.3222
-1.9172
2.0598
3.8791
-0.73019
-0.55634
1.1968
-0.42041
2.3846
3.2021
2.4487
-0.033802
-3.9133
0.33043
0.79287
-0.34643
-0.27326
1.133
1.9346
-2.6878
1.1198
-0.57138
-1.0542
2.3093
-0.42947
-0.069353
-1.0388
0.12838
-2.9115
-0.36493
-1.5911
0.92568
-3.0373
-1.1543
-0.93556
-1.5218
2.798
-0.15059
0.17531
1.3428
-0.68267
6.389
-2.4851
1.4003
2.9719
-2.921
-2.3095
-5.3055
-1.728
-0.57951
3.8177
-0.14975
0.48515
2.258
0.45619
-0.74762
0.3325
-1.2437
0.17113
-0.017643
-4.0628
0.14958
-0.64411
-4.3133
2.0253
0.79368
-4.2927
-0.27574
1.1545
4.1933
-0.2817
-6.0113
4.2206
1.3668
3.4148
-1.8308
-4.1397
-0.8278
-1.8376
6.1037
-0.66043
6.6746
3.2721
-0.37729
-2.5901
-4.4166
-3.9499
1.287
-1.3205
2.6269
-1.9115
-0.84943
-4.157
-3.5035
-0.71013
-2.9516
1.0413
-3.8671
2.3509
-2.0109
-1.5527
1.7958
-0.59423
1.802
0.53018
-0.32768
1.5628
1.0401
1.7676
-0.58428
2.3418
0.42831
-1.5751
1.0674
3.0507
1.8327
-2.4037
0.57962
0.51845
-4.76
-3.9151
-0.96303
-0.26256
-1.7294
-3.7736
2.4092
-1.2019
1.4989
-3.0376
-4.9064
4.0734
0.2337
3.6426
-2.2325
2.7849
1.5239
-1.8095
-2.1765
-2.2741
0.35501
0.44031
0.24407
1.8883
1.0458
-0.33055
-1.8662
6.2095
-4.0377
0.93905
5.465
2.4242
1.1914
-0.61554
-5.1693
-2.4764
4.4082
-0.92912
-2.3511
-1.5004
-2.4137
-0.98253
3.5056
-2.1611
0.012978
1.9048
-7.6313
3.5777
-0.53043
-5.3601
0.59982
-5.4838
-0.7284
-1.3979
2.0146
4.4716
-2.5955
0.32955
-0.002071
-0.68942
0.44521
1.7664
-1.0466
-3.8847
5.4862
-1.7589
-0.37675
-2.009
-1.1535
2.6532
-2.7384
3.3956
-0.15556
1.0522
3.7926
0.47038
0.4991
3.3067
-1.407
-1.2223
0.0016222
2.7958
1.7177
2.6711
-0.3043
-0.3346
-2.4589
-2.0183
1.3261
-1.4791
2.4093
-3.0197
-1.861
1.5001
0.84701
-7.7689
-1.0616
-3.7178
-2.5888
1.7661
0.90207
3.133
-1.0071
1.9156
-1.2198
-0.65823
3.6426
-2.2309
-2.7135
-5.3844
6.2247
-3.7005
5.0398
-0.73411
5.3217
-1.5551
-0.8238
-2.9262
-3.8488
-3.9568
-0.021162
-1.3705
-0.78454
-2.8458
-1.1455
0.55566
-3.2659
-0.50454
-0.27533
-0.96967
2.5237
-1.456
-1.2023
-0.26378
2.4121
2.0906
-0.76133
0.15447
1.9842
-3.6666
0.76515
1.49
6.4422
0.041235
-2.8681
0.68801
2.5214
-0.49672
5.9619
3.489
0.4008
0.6788
1.0043
3.5046
2.3528
-0.42323
2.1031
2.3584
3.6299
-0.36522
2.9815
0.37571
5.6028
1.1201
-0.41489
0.15532
-1.5918
-1.7697
-3.2426
1.5537
-4.0021
-4.1995
3.0397
-1.1612
-3.0967
-1.054
-4.3481
-0.60991
-0.28563
0.448
1.1622
2.8754
-1.571
-2.7492
6.8675
-1.2785
-2.4
-1.991
-1.3906
-1.0272
1.6699
-3.0989
-3.1342
0.37911
-0.18042
0.42351
-3.8601
-0.99134
4.8372
-1.3579
0.4969
0.95414
-0.71359
1.6583
3.3984
0.84008
2.5102
-0.054715
-3.6695
3.6965
2.3793
1.0797
4.7908
2.5622
0.32866
-1.8144
1.5352
-1.109
2.0851
-1.6677
-1.3439
0.21536
1.8267
-1.4569
-3.609
0.40642
4.7607
0.033451
-2.5279
2.8361
1.5493
-0.87781
2.0759
-1.7841
-5.5807
3.3862
1.9616
1.7141
-0.69169
-2.1466
0.46252
-2.4251
1.1447
0.98188
2.8582
-5.9494
-1.7746
-0.45803
-2.552
0.78552
-0.80604
1.2029
-6.9342
-3.9479
-4.842
0.30747
-2.0669
0.78418
2.5668
4.6111
0.33735
2.9231
3.0594
-1.744
2.0118
0.86408
2.5943
-1.8417
-0.44683
1.7319
-6.6588
1.8349
2.1224
2.0715
-1.3456
1.2154
2.2245
-4.432
-1.7326
1.707
4.1092
1.2848
-0.20677
0.92581
0.98211
6.1159
-2.3625
0.26962
-2.1362
4.6765
0.4336
1.4146
-4.8196
0.55551
-2.5733
3.6069
-1.2919
-0.6657
0.30168
0.3866
0.51904
-0.50114
-3.9575
0.57432
-0.30444
3.8754
0.13437
0.56285
0.94148
-0.81801
-2.164
0.58101
2.8672
-2.8122
0.91757
-0.99934
3
-0.78934
-4.0016
6.7938
-3.4206
2.664
-0.21786
1.2449
-3.8827
-1.8022
-4.3238
-1.3031
-1.5238
-3.528
0.065571
2.0914
-1.4335
-3.8627
-2.7762
-2.7666
-3.0504
-5.3964
-4.0944
0.63543
0.3428
0.63943
-0.36238
0.61889
0.9574
-3.4227
2.6287
-2.3315
3.4567
0.017442
1.429
2.0364
-2.6513
4.7901
3.2321
-2.1963
-2.0918
-2.5087
-2.534
-0.035685
1.9519
4.1251
1.2997
4.913
2.157
1.6121
2.8466
0.94997
-0.16484
-2.246
-2.9363
-1.1303
2.353
-1.3087
2.3948
2.2867
-1.5316
-2.3269
-0.9275
0.92932
-1.2527
-1.9758
0.14694
0.049371
-2.8676
-5.2903
2.277
-5.7289
1.1721
-2.7939
-2.2925
4.2841
-2.4114
2.6509
-0.15933
2.0082
0.53908
-4.4183
-5.8581
-2.0288
-0.61397
-1.8203
1.1484
-0.87099
0.4661
-2.979
-1.2615
1.5184
-0.57358
0.87138
-2.4612
-1.9876
3.5168
6.7554
-4.6318
-3.154
-2.6356
-2.3356
-5.699
0.91231
-0.42276
-0.06501
-4.1582
-0.89714
-2.7901
0.10838
0.99714
3.0462
2.4921
-0.19631
3.4955
-0.6799
3.9149
-0.86187
5.2231
0.28242
-3.0632
1.0686
-0.21206
0.70587
-0.86524
0.24549
1.1596
-2.5008
-1.6489
0.029678
-1.3029
-3.0696
2.9897
0.047925
1.463
-1.9469
2.8578
-2.383
-0.70249
1.0064
1.2696
-1.7348
1.1135
6.8222
-1.4699
5.7638
0.48286
-0.44339
3.5032
3.6196
-2.0912
1.1677
1.318
-1.8132
7.1335
1.9407
1.2338
-0.12001
-3.7849
0.42139
3.5411
0.32576
-3.9789
0.32124
0.74102
-0.91287
-0.14317
4.1745
4.3622
-1.5959
0.6194
0.69862
-3.8731
0.95326
3.2221
-5.5877
1.8157
-4.1028
-0.78467
-1.9293
1.2387
0.11667
0.69284
-2.542
1.499
-1.4822
0.80422
-1.234
-4.6821
0.86991
0.21274
-1.4417
-1.3929
0.65259
1.4486
2.5026
-3.0262
-3.7956
-1.3233
-1.3115
4.1865
3.4339
0.010473
1.6841
1.8907
0.75868
4.7104
-1.9092
-1.5352
1.8007
0.84805
0.65206
-4.8344
1.7502
1.4249
-0.46208
-1.0404
4.3275
-2.2457
-3.2171
0.35272
2.037
-0.81958
-3.9408
0.53018
3.1857
-3.333
-3.6923
-1.5933
-1.0695
-3.5826
1.8117
-2.227
-0.042399
0.69741
2.3097
2.1945
0.85917
-1.5318
5.0192
1.0107
-1.2995
-1.197
-7.2009
-1.7142
-1.0855
0.16182
2.5485
2.8802
2.0427
-2.4894
4.4307
-3.9193
-2.5314
-5.2246
-1.682
-1.8203
-1.8154
0.25484
-3.3557
-0.081489
