-2.4515
4.3486
1.4314
2.7327
2.375
-3.6
-1.6156
-1.4881
4.4193
-1.4341
0.71237
1.103
-0.14525
3.7977
2.86
-0.28814
-0.66614
2.5899
2.0693
1.7889
-0.68141
1.231
1.647
0.64084
-3.024
1.3603
-1.3383
1.2269
-6.5112
-1.7477
-0.86347
7.0887
-0.77989
0.88413
0.66974
2.4246
0.27504
-1.1339
-1.6386
0.75454
-5.8235
1.664
2.7139
4.1492
-4.0539
2.0297
-0.57978
0.19109
2.6506
2.2344
0.76476
-0.26431
-2.5855
2.398
-0.28563
0.84296
-6.9771
1.3021
3.2096
1.8296
-4.3344
0.61509
-1.7365
-1.0625
-3.639
0.19416
-0.010107
-1.0517
-1.9477
-1.2866
1.7989
-2.7198
-0.81444
-3.5653
6.1018
3.7118
4.1602
5.3062
1.2112
0.22534
0.99757
-3.5899
-1.234
-6.6243
-1.1126
-4.0366
0.29105
-3.9282
-1.6815
0.84042
2.8292
1.2218
2.0521
6.435
2.1541
3.4438
-1.5416
-2.8615
-3.724
3.4312
1.4981
-1.0531
-3.3856
1.5018
4.0135
6.1669
-2.2696
3.3727
1.8447
-1.2721
0.97321
-2.2649
3.7299
0.26797
0.75672
0.77574
-1.9304
0.40983
0.63483
5.8601
1.1134
2.5062
-7.1902
2.4222
2.643
-1.8115
2.4143
-1.8293
-2.649
-4.1116
3.1333
1.2044
-2.9559
3.6283
-2.8258
0.62407
-2.3613
3.0609
-1.8838
-2.9078
1.412
-2.7876
2.0734
-1.0913
-0.22316
-0.42336
3.8516
0.85485
3.1699
0.3684
0.20292
0.1008
-0.3163
3.9253
-1.1286
-1.09
2.0928
-1.7984
1.5879
2.3114
-3.1999
-1.0094
2.0979
3.7054
-3.4488
-1.3253
2.1412
-4.3387
4.2823
-6.8096
2.597
5.3362
1.1709
5.0745
0.28058
4.4387
-1.0139
1.0325
-0.90768
0.75401
-4.3005
2.5232
2.0509
-2.6152
-1.3688
-3.4522
-0.60223
6.3859
2.8276
-1.218
3.0101
0.96577
-0.32177
1.0603
2.3061
-1.2495
0.33065
0.90812
0.80278
2.0959
0.2738
-2.2029
-0.96963
0.30769
-3.7224
3.3116
0.091352
-1.286
-3.421
-0.040973
-3.1472
-2.9093
-5.5812
-2.5318
2.2025
0.90411
-0.94531
-2.0172
0.61411
-2.4346
-1.2531
-3.4368
0.73704
-1.229
-5.6104
1.5114
-0.51806
0.7304
-1.4374
4.7921
1.683
-0.98317
1.4633
-4.2116
-1.53
-3.5637
3.5312
-1.1768
-2.1946
4.1383
-3.2102
-0.82139
-0.69551
0.24109
-3.4082
-0.73546
0.18033
-6.4432
-1.889
-2.1175
1.9321
-1.9062
1.4404
-0.91904
2.7199
-1.7119
1.3526
0.8407
-2.2651
0.87567
2.7981
-3.0653
0.98386
0.49105
-0.16446
1.1863
1.144
2.3321
-2.4907
-0.86855
0.045956
5.6383
-0.73452
-1.6766
3.6288
-0.55202
2.5149
3.9878
-4.611
-0.8741
-3.1141
-2.6682
-3.3894
-2.5525
-2.6363
3.6545
4.572
-1.7544
-2.0474
1.9533
-2.7213
-1.7601
0.74098
-2.5306
0.062821
-3.8077
-2.3422
-0.88899
-1.7886
0.83922
2.7899
-1.6358
5.2417
0.35186
-0.034614
0.48709
-3.4825
-3.7208
3.215
-3.3863
0.36182
1.2595
-0.45442
-3.8482
3.5284
-0.051589
-1.736
3.9968
-0.31575
-6.6681
1.1619
2.2511
4.1548
0.18784
1.991
2.6626
1.1665
2.0655
-2.741
1.5811
0.59523
1.0351
2.2024
-5.9992
-3.1358
-2.5032
0.26406
2.2527
-6.6031
-1.9335
-1.721
2.552
1.8886
2.9417
-3.0532
-0.67495
-2.6156
0.86844
0.99722
-2.6561
1.7082
-1.2989
3.7272
2.9591
-2.0326
0.53896
4.2051
-1.9221
-2.6099
-3.5177
-0.049308
-0.78521
2.0627
-2.104
-0.72141
-3.2999
-1.8544
-2.431
1.6033
-3.9001
-0.13436
-1.1934
2.3399
2.9609
-0.41431
-1.876
2.8287
2.9864
-2.8723
-1.0107
0.026174
2.3528
5.4356
2.6298
1.1466
-0.26254
-0.68771
4.462
4.5222
2.1969
-1.6541
3.1443
-0.21948
-1.4313
0.85721
-2.5127
-2.3665
-4.8616
3.2232
4.3245
-2.9502
-0.39403
-1.4382
1.9595
-0.41227
0.12868
1.5704
-0.82177
-3.4044
-2.1695
0.853
0.37127
2.8471
-3.7885
-0.33023
2.4574
-6.1273
-2.0248
-0.71785
-0.34937
-3.3628
0.54519
-0.88012
-2.0508
-4.7032
2.0493
-2.2053
-1.8877
0.62657
-0.19054
3.5228
0.57784
-0.39995
-2.2569
2.1601
-3.2653
-2.3581
4.2953
-0.32075
-1.3914
4.6502
-2.9108
-1.1892
2.0025
-4.2982
-0.54644
3.5197
4.401
-3.1612
-2.0231
-0.74346
-4.8883
1.2398
-2.1745
2.8263
-3.3933
2.3707
1.9507
-1.3103
-1.1693
0.63504
1.0774
-1.1196
-0.064669
-0.12238
3.0593
2.4183
-0.28242
5.6834
-0.80146
-2.429
0.28847
-0.8656
1.6745
-3.2132
1.4083
3.4693
-4.6537
-3.5697
1.9927
-2.4498
0.90233
-2.3987
-3.0605
-2.8884
-1.5217
3.8012
-0.90005
-0.0084185
2.2302
2.5734
-1.3114
0.62388
1.4844
-3.0123
1.4014
-1.4753
-4.9886
3.658
-3.1238
0.86345
-4.2629
-3.0229
3.0521
1.6043
-0.36043
0.96907
-1.3605
-0.2373
-3.8991
2.4449
-2.9621
1.6416
1.525
2.1971
-0.49055
-0.60509
2.764
0.54768
-1.4495
-1.1502
-2.4676
-0.82107
-0.21148
-1.1331
-0.84323
-3.0305
-3.7338
-4.8563
0.23787
1.2616
-3.6568
-1.1542
-1.4206
2.7279
-2.1143
-3.1973
-3.7497
0.8517
1.0847
-1.9638
3.9798
6.4768
1.2503
3.2356
2.4775
-0.18071
0.01843
5.1229
-4.5446
2.5498
0.67584
-0.47718
-1.6744
-1.2642
1.4922
4.8366
-0.39125
0.52556
3.4725
1.3797
-1.4513
-1.6907
-0.039631
4.9687
1.9601
0.83687
3.6457
2.3154
0.58367
0.5915
-1.1171
1.2336
1.4808
1.4359
0.90389
2.5633
-0.073312
1.2832
0.58403
-1.2957
1.6239
-5.0629
-2.8086
-2.4666
0.69485
0.063028
-0.13832
-5.0869
-3.6053
2.3239
0.9424
2.2948
-1.5196
0.13928
-5.9844
-1.6197
3.8577
0.17833
-6.1716
-4.8685
2.6163
3.2461
0.11922
-1.6248
-0.85759
1.1791
-4.1437
2.0009
0.2694
2.2195
2.1177
-1.2265
3.6333
1.3706
-0.84722
-2.8233
0.0050837
0.27426
1.8007
-2.3941
-0.60652
1.4912
-1.1964
-1.6521
1.3452
4.1034
0.38215
-0.92138
-0.96894
3.4816
-0.52874
-0.67485
2.691
-3.6155
3.8234
-1.6365
-3.5987
1.266
4.9434
0.64429
0.53654
3.5757
3.5115
-1.2769
-4.7679
-0.00016226
2.374
3.7289
-1.6625
-0.70112
-1.7459
-1.0169
-1.9994
2.6768
1.4732
-1.2446
-0.19886
7.353
-1.5746
-0.044823
0.97558
3.5544
-1.7986
0.40937
1.0864
-1.2468
-2.8272
4.4123
1.4829
-0.74954
3.6516
-0.52187
-7.4289
-0.93793
2.5128
-4.0014
1.472
-1.6048
-2.1187
0.0046017
0.34674
-2.5918
-5.4013
-3.2836
-1.9397
0.38043
-4.4636
1.135
-2.5941
-1.1596
-2.4147
4.0575
0.041486
1.0846
-1.8125
1.2784
0.8933
1.2804
5.9928
5.5117
4.4159
0.99196
-1.9867
-0.20821
-1.1449
-4.9536
0.042418
-2.6121
-3.357
5.1988
-5.1002
-2.6237
-2.0931
-0.086753
-3.0415
-1.4339
3.0542
4.0244
0.30588
-0.052235
-0.34113
0.66688
-0.96188
6.0123
2.0101
2.1364
-2.0813
-3.5004
-0.95711
3.2026
-2.8213
-1.8895
4.2153
-1.0772
-3.9936
-3.4236
-1.1809
-2.4175
2.4454
6.1312
0.58711
-1.6639
5.8683
3.0353
2.1531
-1.7042
0.87555
3.4853
2.7537
4.2879
5.9324
-1.4527
0.97214
0.79522
-1.6999
1.3741
0.2922
-2.2306
-0.58729
0.32785
-2.8663
-2.9135
0.30255
-1.5451
3.0702
-6.3245
3.4974
0.43225
2.2406
-3.3445
3.3572
0.57701
0.84038
1.6633
-1.8733
0.55427
1.8624
-2.7005
1.8484
6.0286
-0.42654
0.93884
-0.38923
1.0548
2.3861
0.9362
-1.7396
1.2463
-2.4668
-1.5949
-4.1475
4.6761
-2.178
0.62079
-2.2525
-0.063801
-0.16435
0.15127
-0.17196
-2.2202
3.9946
4.5132
-2.2891
-0.38614
1.9975
-0.090335
-1.2476
0.040537
-0.43388
-0.88955
-1.4565
-1.4049
4.2877
0.81203
-5.056
-2.9503
-0.73804
1.458
1.9488
-2.174
-2.527
1.5419
-1.448
3.2431
0.65801
1.2148
2.2878
-3.4783
-2.6809
-1.1866
4.9174
3.4135
-1.5663
-0.523
-0.93481
6.1892
4.1313
-2.3109
1.6897
0.50539
-0.57733
-0.6423
-1.8487
4.6246
2.6647
1.709
0.30902
2.0485
-5.4596
1.6899
2.4779
-1.4222
-2.6227
-3.6413
0.61193
3.031
-1.5077
2.4012
0.90832
-8.6971
1.658
-2.9386
-0.80083
0.011435
3.7411
-3.137
-0.4589
-0.85293
-1.0868
0.48381
-0.19075
2.4222
-5.0877
1.896
-3.0045
-1.8332
-2.6638
-1.3709
2.0701
1.7951
-3.0718
2.3782
-3.0805
-0.042364
-0.11209
-0.052409
1.1575
2.7318
-2.7685
-0.67569
-1.2957
-1.08
2.4447
0.59996
0.19181
0.7736
0.3972
-1.9833
-1.012
2.4452
-0.31234
-0.86956
1.9075
2.5068
0.59573
-2.1591
1.4674
-5.9401
0.91546
-3.873
0.36573
-0.73838
5.4086
-6.5129
5.1837
0.61653
-4.8077
-2.0164
0.64307
6.2747
3.0978
-1.3546
1.1948
-2.4939
3.6097
-3.2533
0.2579
-0.42861
-1.3198
-0.01191
-2.8464
-2.0212
0.47322
-1.8627
-0.59296
0.69205
-0.84529
2.536
-2.9899
-0.012194
-3.6658
4.3311
-1.86
-2.1952
-0.80669
5.3547
-3.4914
2.4484
0.41647
-2.4941
2.5311
-3.2261
0.8111
-0.2585
-0.73042
0.33721
3.6285
-0.52404
0.12865
0.68079
1.0506
-2.6416
-2.4969
0.15738
0.62322
-2.2891
-1.449
-1.3013
-1.4267
3.1103
2.6994
-2.0586
-2.4328
0.089759
2.2252
1.7226
-3.7754
1.8227
-1.3389
-1.0233
-0.37457
3.3718
-3.6159
-3.0508
4.0909
-1.1955
-2.6439
0.16888
-6.0046
1.6939
-2.4062
-1.4996
-5.2354
-2.8948
-3.3216
-5.6269
-0.72682
2.9162
0.83263
1.4492
-1.4849
-0.91803
-2.8279
-3.6832
0.24782
5.4012
4.4544
-1.2588
-3.7154
-1.9076
-2.2536
-0.40782
6.8202
-2.2929
3.3627
3.1423
-0.11469
0.61968
3.303
4.8922
-3.3135
5.9789
0.61904
