-0.030075
0.07932
0.10952
-0.12162
0.047771
0.064773
0.09388
-0.13888
0.026552
0.02674
-0.11101
0.10917
0.07411
0.099964
0.085553
0.066186
-0.023352
0.009852
-0.044977
-0.14307
0.076765
0.028579
0.056241
-0.056203
0.065297
-0.030563
-0.05422
0.099057
-0.055621
-0.057096
0.082487
-0.065854
0.083663
0.020421
0.19391
0.15896
-0.072576
0.087492
0.055043
0.076126
-0.11169
-0.058083
-0.10458
-0.15157
-0.089533
0.030938
0.054704
-0.078875
0.097117
-0.046377
0.06599
0.066355
0.01231
0.084622
-0.049625
-0.078906
-0.1122
0.029851
0.035791
0.098508
-0.038889
0.039539
0.063692
-0.10677
0.00025198
0.081195
-0.088237
0.076889
-0.02818
-0.073697
0.097254
-0.021019
-0.048675
-0.079137
0.12114
-0.099985
-0.087714
0.11472
0.070519
0.092239
0.025212
0.021802
-0.023287
-0.080183
0.0054364
-0.034886
-0.053019
-0.056161
-0.14737
-0.078235
-0.098306
-0.011294
-0.11448
-0.048416
0.069248
0.080166
-0.078167
-0.052183
0.10698
-0.073937
0.013361
0.12639
-0.10023
0.033996
-0.068622
0.010315
-0.070764
0.080619
-0.081627
-0.080562
-0.025719
-0.032966
-0.084707
-0.13643
0.061844
-0.018601
-0.02049
-0.060521
0.056967
-0.083942
0.021169
0.10763
0.047569
-0.10058
0.1184
0.039715
0.035736
-0.073798
-0.074883
-0.048724
-0.06243
-0.051499
-0.10383
0.072031
-0.07303
-0.009351
0.098811
0.075932
0.063751
0.064147
-0.01282
-0.014475
-0.066856
0.092719
0.06792
0.094396
0.084179
-0.14889
-0.028387
0.019292
-0.053757
-0.069302
0.083739
0.082577
0.023692
-0.073423
-0.028617
0.05537
0.013035
0.045461
-0.035042
-0.095264
0.020932
-0.026854
0.016851
0.018831
0.031333
0.16306
-0.090488
-0.053011
-0.079808
-0.0034064
-0.011285
0.091411
0.12554
0.058593
0.067572
-0.096693
0.056196
-0.092513
0.07452
0.03547
-0.091627
-0.10509
0.0088444
0.0087829
-0.064072
0.031462
0.090823
-0.010213
0.047775
-0.088608
0.05122
0.052742
-0.076586
0.073929
0.076364
-0.018747
-0.04079
0.01934
-0.029551
0.083448
0.027926
-0.0047672
0.061599
0.15298
-0.082305
0.10318
-0.055948
0.019233
-0.0077602
0.1307
0.051638
0.12537
0.097083
-0.12242
-0.17148
-0.078573
-0.022652
0.041267
0.050463
-0.10258
-0.088407
0.0015471
0.012978
0.006699
0.039735
-0.10662
0.12855
0.086483
0.034576
0.069707
0.044868
-0.0246
0.097903
0.094845
0.090645
0.096199
0.060137
0.073352
-0.08203
0.038379
0.057583
0.091367
0.068011
0.0071952
-0.029282
0.013789
0.018507
-0.0029464
0.090251
0.0057821
-0.044019
-0.15834
0.12171
0.056648
-0.081021
0.037291
-0.077588
-0.11707
0.050758
0.10503
0.044128
-0.030136
-0.039768
0.011328
0.1199
-0.037817
-0.12331
0.056827
-0.043704
0.014369
0.036087
-0.059318
-0.014643
0.016573
-0.082462
0.022095
-0.085776
0.016315
0.081119
0.074831
0.011584
0.060948
-0.016332
-0.054584
0.092157
-0.025731
-0.095818
0.067893
-0.07692
0.0673
0.065114
-0.071746
0.064338
0.012439
0.0077165
-0.05962
-0.10449
-0.070285
-0.083021
-0.071328
-0.10151
-0.11521
-0.083893
-0.032058
0.044524
-0.084405
0.069404
-0.034282
0.031884
0.048445
-0.082964
0.074769
0.057586
-0.092116
-0.1135
0.092141
-0.10626
0.011922
0.0095702
-0.0089084
-0.085798
-0.077117
0.055025
0.11224
-0.018942
0.051859
0.089391
-0.080674
0.035071
-0.10912
0.021458
-0.074501
0.10004
-0.025185
-0.041234
-0.027438
0.075838
0.096747
0.054507
-0.014292
-0.084032
0.094562
0.088752
-0.084192
-0.14845
-0.078059
0.070144
-0.016369
-0.10939
0.083348
-0.049669
0.070066
0.0809
-0.074006
-0.069673
0.015424
0.049354
0.064321
0.0066176
-0.029242
0.046547
0.071846
0.075962
-0.055272
-0.066089
-0.030518
0.0082126
0.11339
-0.12506
-0.069543
0.082712
0.091952
-0.093822
0.031849
0.0060937
-0.027978
0.086717
-0.025749
-0.014932
-0.08853
0.093168
-0.017572
-0.091743
-0.092268
0.093092
0.11796
0.099663
0.10437
0.14115
0.095473
0.075016
0.03432
-0.085888
0.11678
0.070152
0.063979
-0.067434
-0.10615
0.0098267
0.11209
0.036333
0.086666
0.10474
0.063866
0.072901
-0.052364
-0.050081
-0.10881
0.053818
0.042167
-0.064738
0.070608
0.052131
-0.075675
0.10807
0.10343
0.060233
-0.0096876
-0.071859
-0.012255
-0.10208
-0.087772
0.081037
0.058272
0.043173
-0.088908
0.097842
0.029458
-0.012931
0.059782
-0.061386
0.070718
-0.081922
-0.078097
-0.12719
0.031512
0.02659
0.093346
0.078286
0.080504
0.085552
-0.11688
0.07363
-0.093515
0.088143
0.082866
0.073351
-0.11
0.07828
-0.0081507
0.073011
0.10179
-0.058365
0.068776
-0.07046
0.001622
-0.07337
-0.065366
0.043002
-0.11528
0.07166
0.075717
-0.03806
-0.058138
0.11175
-0.086919
-0.097624
0.04632
0.086929
0.032248
0.090769
-0.093419
0.094476
-0.02051
-0.097015
-0.10267
0.074608
0.098451
-0.096968
0.0093958
0.028851
0.12778
0.020753
0.10807
0.067756
0.051429
-0.090442
-0.026567
-0.09549
0.035639
0.030784
0.022988
0.039812
-0.031405
0.082787
-0.027265
-0.096319
0.0079757
-0.03127
-0.095602
0.065359
-0.079436
-0.079344
-0.15203
-0.12407
-0.12194
0.10901
0.11414
-0.085341
-0.060781
-0.090825
0.026405
0.03299
0.032149
-0.015556
0.056274
0.058026
0.081347
0.094467
0.090305
-0.078521
0.0021951
-0.099527
-0.047358
0.012258
0.080779
-0.010084
-0.068965
0.040992
0.065448
0.074103
0.13005
0.082735
0.054801
0.018176
-0.069792
0.038106
-0.095823
0.083135
-0.12252
0.11646
-0.0028853
0.1276
-0.10215
-0.038271
0.08476
-0.012328
0.08331
-0.01523
0.092253
0.0053794
-0.12532
-0.088318
0.03187
-0.078508
0.051548
0.10633
0.10385
0.10988
-0.093167
0.059461
-0.10964
-0.079975
-0.09492
-0.10347
-0.075812
0.075945
-0.06249
0.04302
-0.029486
-0.093325
0.13048
0.10562
-0.035836
0.071748
-0.012479
0.028644
0.0070238
0.074862
0.081022
0.085911
-0.074523
0.11448
-0.10712
-0.00094046
0.028664
0.054957
0.069706
0.099996
0.030505
-0.083722
0.079638
0.097037
-0.083615
-0.0028966
-0.045268
0.084795
0.039582
0.035167
-0.026357
0.071498
-0.064554
0.10897
0.15515
-0.033426
0.056412
-0.017484
0.058839
-0.048555
0.1171
-0.097446
-0.090693
0.089068
0.093778
-0.0025651
-0.080149
-0.084814
0.009501
0.11892
-0.057755
0.047064
-0.081195
0.039421
-0.030994
-0.099244
0.098826
0.098264
-0.00074682
-0.041606
0.081053
0.049133
0.10288
0.079926
-0.080167
0.10917
0.053134
0.098491
0.10798
-0.071159
0.097633
0.048543
-0.10552
0.02028
0.047248
0.053376
0.07681
-0.082368
-0.14755
-0.13601
-0.016111
0.056305
-0.10121
0.05807
-0.13581
-0.20849
-0.011688
0.072639
-0.052988
-0.048291
-0.098593
0.08001
-0.017706
-0.081622
-0.0079578
0.11066
-0.024732
0.063814
-0.031238
0.089389
0.1107
0.065148
-0.070083
0.050704
0.08894
-0.11956
-0.12728
0.033045
0.063123
0.0797
-0.067861
-0.08379
0.14414
0.0038558
0.1015
0.062777
-0.094705
0.080963
0.0057735
-0.088476
-0.095529
0.05831
0.08123
0.043968
0.0017669
-0.045786
0.049365
-0.038528
-0.087801
-0.064254
0.0607
0.099708
-0.0091918
-0.12974
0.056132
0.040502
-0.0057589
-0.080284
0.10612
0.037049
0.043688
-0.077408
0.04034
-0.042494
-0.071393
0.075761
0.062869
-0.10397
0.023953
0.039823
0.074472
0.024454
-0.0038909
-0.02444
-0.022392
0.10087
-0.10122
0.038125
-0.099067
-0.0336
0.069188
0.0026011
0.1142
0.074991
0.043614
0.073632
0.059003
-0.13248
0.069979
0.027192
0.09125
0.057544
-0.012936
-0.039632
-0.12279
0.12978
0.12145
0.066825
-0.10645
0.0091316
0.06881
-0.082311
0.046807
0.036595
0.01346
0.011269
0.10316
0.020936
0.088539
-0.006353
0.081295
0.11537
-0.0033559
0.096395
0.061249
0.11423
-0.074169
0.088248
0.13776
-0.094446
0.097984
-0.11815
0.085253
0.039761
-0.1119
-0.12316
-0.084582
-0.072097
0.094927
-0.098344
0.052058
-0.065156
-0.14288
-0.061704
-0.068909
0.10266
0.056928
-0.10656
0.035711
0.14424
0.092838
0.086334
-0.095625
-0.057487
0.056517
-0.063557
0.040979
0.0058877
-0.1124
0.060852
-0.099156
0.019546
0.079998
-0.138
-0.05818
0.10222
0.079701
0.074919
0.056456
0.084476
0.11624
0.081312
-0.081534
-0.061214
-0.040071
-0.057357
-0.044434
0.027042
-0.079287
-0.11333
-0.12395
-0.017921
0.015787
0.055254
0.013079
-0.022521
-0.031266
-0.046759
0.10459
-0.070904
0.066379
-0.046115
-0.11644
0.085163
0.021802
0.11069
0.069229
0.087165
0.045319
-0.041122
-0.002682
-0.076216
0.030779
-0.04074
0.10231
-0.037045
-0.094978
0.063737
0.07539
-0.063005
-0.077067
0.14015
-0.058949
-0.054757
0.021201
0.15761
0.061842
-0.10034
-0.066029
-0.022873
-0.1033
0.042012
0.078591
0.079122
-0.040908
-0.093504
-0.021932
-0.048315
0.15766
-0.056358
0.040824
0.10027
-0.058246
-0.10289
-0.058845
-0.089748
0.082986
-0.082541
-0.050773
0.083085
-0.038732
0.10329
0.10481
-0.055242
-0.062962
-0.10941
-0.069328
0.085128
-0.059762
-0.101
0.050902
0.1231
-0.092171
-0.062389
0.067777
0.11846
0.064246
0.089736
-0.073414
-0.07573
0.10716
-0.080914
-0.11317
0.028047
0.015917
0.034065
-0.13756
-0.06764
-0.088594
-0.07807
0.048419
-0.089925
-0.074998
0.14392
-0.012809
-0.10926
-0.02058
-0.06894
0.0028026
0.0004308
0.078958
-0.088133
-0.0018371
0.029211
0.03301
0.065437
0.074468
0.033252
0.041197
-0.11388
-0.11411
0.01713
0.010045
-0.067334
0.067459
-0.11479
-0.12554
-0.084125
-0.10144
0.14771
-0.064906
0.14185
-0.081946
0.069185
-0.0029056
0.045573
0.013299
-0.056347
0.016703
0.11406
0.054109
0.03259
-0.043092
-0.1087
0.034936
-0.041134
0.024851
0.018703
-0.094509
0.057022
-0.010918
-0.030251
-0.10272
-0.11179
0.11372
0.052768
0.039717
-0.036636
0.025907
0.07549
0.064757
0.10412
0.0035508
-0.10228
0.064855
-0.076294
0.079262
0.098187
-0.097835
-0.14148
0.1174
-0.011244
-0.086791
0.1207
-0.059329
-0.01407
-0.021367
0.10364
-0.030617
-0.12846
-0.1334
0.078793
-0.092182
-0.094301
-0.037161
0.00050996
-0.12224
-0.080787
-0.075026
0.025755
0.098412
-0.067156
0.070342
-0.033565
-0.081301
-0.1285
0.060238
-0.029251
0.092627
0.083131
-0.14817
-0.046359
-0.10328
-0.029351
-0.10961
-0.020057
0.06033
-0.082927
0.092062
0.0069569
0.11292
0.18598
0.014084
