0.15521
0.095209
0.16256
0.18755
-0.014174
-0.021432
0.19947
0.075301
-0.021674
-0.016702
0.16914
-0.011038
-0.010355
0.17159
0.094514
0.15284
-0.023291
-0.02552
0.13177
0.13435
-0.019828
0.23049
0.12974
-0.0099427
-0.017442
0.23005
0.1013
0.18299
0.26524
0.22532
0.091553
0.127
-0.0060632
0.1457
0.18486
0.1186
0.26153
0.17563
-0.0082727
0.071653
-0.009593
0.1546
0.12661
-0.012094
0.22982
-0.016167
-0.015992
0.27752
0.13919
0.16624
-0.010022
0.10099
0.10538
-0.023064
0.14972
-0.01323
0.1632
-0.013551
0.088943
0.12763
-0.0056739
0.17367
-0.0060797
0.26568
0.23337
-0.0068592
0.13019
0.13398
0.095415
0.16323
0.079602
0.14344
-0.041308
0.22206
0.07511
0.20788
0.18976
-0.0061634
-0.01397
-0.016115
0.22575
0.17904
0.15172
-0.006799
0.2319
-0.024448
0.096712
-0.0097012
0.19706
0.16836
0.1909
0.14101
0.17581
0.16162
-0.014521
0.073779
-0.090078
0.1644
-0.013588
0.16974
0.29465
-0.0072811
0.11828
0.14591
0.13384
0.096756
-0.0050716
0.12878
0.21932
0.25698
-0.016009
0.2031
0.15318
0.14008
-0.029028
0.14527
0.099237
0.16929
-0.0063026
0.11841
-0.012993
0.19654
-0.026198
0.16219
-0.011545
-0.01276
-0.0084183
0.14301
0.24964
0.27727
0.2146
0.14145
0.11577
-0.015127
0.14109
-0.024153
0.094537
-0.029183
-0.045486
-0.012818
0.18897
0.11846
0.098523
-0.008338
0.1998
0.074153
0.11793
0.10909
-0.0067168
-0.0085915
0.22689
0.1841
-0.022667
-0.017825
-0.043641
0.16227
-0.011925
0.076202
0.096256
0.10003
0.18418
0.11702
0.12261
-0.017692
0.14556
-0.0090614
-0.0077001
0.13807
-0.0020346
-0.014376
0.12658
0.11773
0.144
-0.012295
-0.02511
-0.016385
-0.010276
0.15805
0.13688
0.16006
-0.01922
-0.14788
0.16087
0.22613
-0.018771
-0.063881
0.18365
-0.033375
-0.018266
-0.029353
-0.014267
0.12942
-0.041976
-0.11222
0.15177
-0.019697
-0.030302
0.14314
0.13851
-0.026544
0.18618
-0.051244
-0.01054
-0.0094933
-0.022015
0.15541
0.10817
-0.0099264
-0.011697
-0.015463
0.20393
0.15098
0.14577
0.13382
-0.016256
0.18586
-0.0080765
0.11138
0.12711
-0.018618
-0.025256
0.14832
0.16421
-0.019432
-0.010062
0.17775
0.09922
0.20077
0.085861
-0.0019843
-0.023953
-0.039568
-0.019661
0.18905
-0.014181
-0.011854
-0.019521
0.095609
-0.11138
-0.011095
0.1583
0.10399
-0.012154
-0.021544
-0.081088
-0.019826
0.11027
-0.01631
-0.03037
0.11063
-0.014811
0.11684
-0.0036605
0.20287
0.1065
0.077372
0.11369
-0.0051952
0.16776
-0.0047122
0.19334
0.097389
0.13773
0.14319
0.21921
-0.012025
0.24783
0.2079
-0.012396
-0.029629
0.18272
-0.016473
0.14801
0.21356
0.23439
-0.012108
0.25838
-0.01281
0.16917
-0.0072188
-0.016473
0.1203
-0.013783
-0.11304
-0.012639
-0.0044189
0.1199
0.12418
0.12593
-0.030667
0.23899
-0.012477
0.098391
0.30607
-0.02513
0.11904
-0.0067562
0.14142
0.18095
0.19134
0.093517
0.18696
0.071167
-0.0067429
0.1574
0.13042
-0.048924
-0.010252
-0.020247
-0.01074
-0.03515
-0.0027709
-0.019414
-0.011896
0.25773
0.32696
0.1768
0.11884
0.15669
-0.056143
-0.013208
0.13929
0.21487
0.14767
-0.05003
-0.010002
0.14374
0.12382
-0.015753
0.15636
-0.0089656
0.27315
-0.011454
0.16311
-0.025341
0.27644
0.21205
-0.010697
-0.0068274
-0.007588
-0.020825
0.21166
0.14471
-0.0060345
-0.066204
0.1848
0.11594
-0.01324
0.098386
-0.015703
0.1746
-0.11647
-0.012959
0.12984
0.11998
0.20178
-0.0446
0.12684
0.16049
-0.014758
0.11887
0.14125
-0.042932
0.22646
-0.013554
0.21288
-0.0091005
0.10933
0.21444
0.11767
0.085013
0.089652
0.068186
-0.023245
0.17789
0.082744
0.19885
0.0917
0.10051
-0.01108
0.13027
0.15873
-0.019731
-0.01761
-0.010148
0.18371
-0.029298
-0.014573
-0.0075328
-0.010606
0.10662
-0.0088119
-0.017617
-0.031868
0.19843
0.082826
-0.013118
0.1398
-0.024048
0.14429
-0.012269
0.11215
-0.032257
-0.008817
0.12997
-0.015342
-0.016224
0.11124
-0.01845
0.086498
-0.010587
0.13151
0.14065
-0.014332
0.086741
0.13241
0.13475
-0.02101
-0.02082
-0.0087662
0.17318
-0.011697
0.115
0.1866
-0.009298
-0.0050726
-0.020837
0.11623
0.098377
0.16955
-0.013372
-0.01938
-0.015417
-0.021701
0.21595
0.13074
0.10168
-0.013167
0.099172
0.048554
-0.014172
0.18325
-0.020684
0.14067
0.13229
0.25222
-0.01885
-0.01368
-0.0149
0.15545
-0.020656
0.11738
0.15264
0.10328
0.15285
-0.039041
0.16364
0.1056
0.19198
-0.012291
-0.02157
0.10696
-0.012684
-0.013485
-0.067392
0.22597
0.23367
-0.012013
0.25235
-0.019265
-0.015413
0.056881
0.11486
-0.026489
-0.010178
0.17313
0.085123
0.13603
-0.018784
-0.021877
-0.013033
0.1466
-0.01625
0.16299
0.1651
0.083646
-0.013818
-0.035639
0.24365
0.14192
0.19998
-0.0083024
0.14422
0.22684
-0.013949
-0.026886
-0.027078
0.12511
0.1728
-0.013058
0.23775
0.13508
-0.013695
-0.0087882
-0.0049681
-0.0099178
0.12482
0.12618
0.16246
-0.0063458
0.16774
0.1718
0.19313
0.15001
0.080566
-0.07867
0.16009
0.066166
0.12389
-0.02243
0.18664
-0.035861
-0.010631
0.26276
0.16072
0.14702
0.18297
0.17051
0.13739
0.2484
0.14088
-0.011911
-0.015513
0.19486
-0.014977
-0.013675
0.10762
0.17425
-0.021368
0.21649
-0.082342
0.11209
-0.013596
-0.026561
0.12402
0.16405
0.14125
-0.0088193
-0.005467
0.16274
0.181
-0.022987
-0.0054694
0.11242
0.13795
0.097013
0.07492
0.19642
0.15784
-0.004338
0.10019
0.16213
-0.016738
0.15903
0.12849
0.10134
0.12294
0.22551
-0.02427
-0.013365
-0.008322
0.19919
0.13162
-0.0070987
-0.011886
0.18327
-0.016733
0.19265
0.16073
0.14056
0.1314
-0.011392
0.094453
0.21512
0.11861
0.081533
-0.016489
0.15927
0.13036
-0.019174
0.15335
-0.019663
-0.0045609
-0.020739
-0.010198
0.21055
0.12795
0.16884
-0.012006
-0.022808
-0.010363
-0.02059
0.16741
0.073033
-0.011939
0.18805
0.17005
0.088001
0.16771
0.068153
0.1838
-0.0051624
0.12727
0.12397
-0.093
0.1527
0.092016
-0.0088632
0.21884
-0.054
0.23131
0.26895
-0.029027
0.078531
0.1179
-0.020284
-0.0073339
0.061946
-0.045534
0.17301
0.19037
0.086067
0.088553
-0.059873
-0.032702
0.12847
0.076315
-0.034151
0.13382
0.16813
0.10693
0.19588
0.14289
0.22529
-0.048981
-0.048062
-0.016332
0.074141
-0.0093515
0.075221
0.11756
-0.00358
0.26949
0.18657
-0.050092
0.083597
-0.010145
0.16908
-0.10108
-0.016579
0.19671
-0.011331
-0.0084706
0.21325
0.21232
-0.065488
-0.0051895
-0.0082671
0.11316
0.12896
0.088087
0.072611
0.070399
0.16886
-0.067439
0.089113
0.13001
0.10097
-0.023148
0.10745
0.023477
-0.011548
0.19339
0.12548
0.095614
0.093174
0.099736
0.29131
-0.05991
0.13095
0.17795
0.23477
-0.023777
0.13339
-0.018023
-0.00054186
0.1396
0.22978
0.20497
0.22098
0.21691
-0.056298
0.10134
0.17738
0.098715
0.16078
-0.011557
-0.012144
0.16262
0.11035
-0.0025184
-0.10449
0.13601
-0.011118
0.16753
-0.0088358
0.10646
-0.079241
0.10466
0.16039
-0.023015
0.13626
-0.01316
-0.036753
0.13623
0.15035
0.10047
-0.0077406
-0.022333
0.14141
0.12085
0.070849
0.12351
0.16048
-0.024618
0.12077
-0.016029
-0.016227
0.096251
0.20643
-0.011263
-0.017107
0.13684
0.12535
0.098833
-0.01144
0.14895
0.13657
0.068126
0.10825
-0.033381
0.11994
0.14798
0.10362
-0.012967
0.1966
-0.012721
0.163
-0.010656
-0.014184
0.13059
0.186
-0.0099044
0.14593
-0.01898
0.16813
0.15655
0.18468
-0.13275
0.10569
0.18221
0.1693
0.11576
-0.01319
-0.012218
0.17488
-0.013275
-0.040466
0.092289
0.051231
0.23678
-0.01176
0.3082
0.1247
0.19925
-0.0096869
0.14201
-0.018641
-0.013853
-0.018943
0.1672
0.083334
0.10908
0.11916
-0.0061377
0.15015
0.091498
0.051602
-0.11998
0.097585
-0.01062
0.13313
-0.03115
0.17901
0.12499
0.17435
-0.0062899
-0.010227
-0.027121
0.15008
-0.011112
-0.0025057
0.064714
-0.010748
0.1624
0.075716
0.081678
-0.0030473
-0.091275
0.1858
0.12897
-0.012813
0.10707
0.31307
0.094715
-0.035849
0.11065
0.16653
-0.0071481
-0.017066
0.13299
-0.023867
0.091587
0.16956
-0.017719
-0.02206
0.11394
0.12742
-0.019656
-0.018377
0.13065
0.21914
0.13113
-0.0065087
-0.043031
-0.015576
0.2294
0.21239
-0.014657
-0.0074214
-0.0084553
0.10476
0.11953
0.20206
0.14228
0.12094
0.14497
0.11393
0.15889
0.12865
0.14157
0.21526
0.16789
0.1528
-0.069671
0.18613
0.15497
-0.011798
0.17891
0.29419
0.18792
0.11826
-0.020006
0.11359
0.12705
0.16194
-0.09148
-0.062421
0.16515
-0.011469
-0.011457
-0.051544
0.13085
0.20582
0.27569
0.15288
0.083946
-0.0043844
0.11453
0.11128
0.21762
0.097289
0.053197
0.11599
0.15737
0.090364
-0.036443
-0.012855
-0.011711
0.06785
0.11364
-0.0057859
0.12158
0.16053
-0.01061
-0.014688
0.11044
0.11697
0.23617
-0.0051087
0.14758
0.10079
0.2432
0.15357
0.15066
-0.010503
0.09348
0.14778
-0.021544
0.25538
0.15559
-0.02254
0.16099
0.21373
-0.017731
0.18609
0.25207
-0.083968
-0.032026
-0.015103
0.16636
0.099347
0.17644
0.18247
0.1541
-0.01205
-0.014022
-0.014976
-0.010656
0.10235
0.10991
0.15723
0.10281
0.19008
0.076912
-0.016297
0.10314
-0.017294
0.18933
-0.008272
0.11933
-0.014365
0.12838
0.16009
0.15349
0.12828
0.1265
-0.0068203
0.18292
0.16692
0.11896
0.17992
0.16299
0.1155
0.12889
0.042844
-0.024616
0.19539
0.18147
0.10649
0.068739
-0.082045
0.076183
0.1058
0.13252
-0.0129
0.13887
-0.011556
-0.011482
0.18535
0.14914
-0.0096234
0.13988
-0.010346
-0.014162
0.20392
0.2181
0.20331
-0.011817
-0.00916
0.093368
-0.015424
-0.038044
0.13124
0.11253
-0.011485
0.13111
0.11189
0.23204
0.19989
0.10761
0.094246
-0.010153
-0.012066
0.16353
0.20504
0.1588
-0.018505
-0.038543
0.11076
0.11236
-0.015308
0.1432
-0.0104
0.1274
0.1226
0.22377
-0.062815
0.23521
-0.016016
0.22922
-0.013949
0.14751
-0.020092
