0.0059983
0.0028375
0.0028046
0.0047439
0.0059778
0.0091152
0.002644
0.0035438
0.0066291
0.0035101
0.0027247
0.0047419
0.0071866
0.0031001
0.0093266
0.0031386
0.0048296
0.0032226
0.0062861
0.0055999
0.011143
0.0031201
0.0059951
0.0019035
0.0082085
0.0069101
0.0023393
0.0035673
0.010204
0.0072522
0.0047484
0.0016276
0.0017804
0.0011831
0.0025776
0.0039136
0.0077
0.0074874
0.0023479
0.005696
0.0028628
0.0043092
0.0050745
0.0034806
0.011983
0.0062759
0.0075797
0.0082608
0.0027179
0.0072785
0.0029509
0.0045952
0.0020586
0.0090587
0.002201
0.0026511
0.0081107
0.005447
0.0032643
0.0014524
0.0023182
0.0019412
0.0018226
0.011135
0.0032619
0.005766
0.0060878
0.0071295
0.0026878
0.0036056
0.0020612
0.0021528
0.0043235
0.0065274
0.0052561
0.0064257
0.0064728
0.0056506
0.0045662
0.007089
0.0030369
0.004041
0.0038881
0.0028028
0.0058401
0.0036332
0.00338
0.0047439
0.0031298
0.005762
0.010217
0.0028484
0.0039638
0.0027766
0.0030615
0.0044963
0.0064488
0.0086147
0.0036071
0.0082588
0.0028327
0.004328
0.0033191
0.0021469
0.0046218
0.0015237
0.0015878
0.0041782
0.0027472
0.0092655
0.0035092
0.0064142
0.0024481
0.004245
0.0084589
0.0036122
0.002837
0.0039491
0.0016063
0.0053253
0.0036605
0.0048086
0.0037053
0.0050793
0.0063657
0.0032684
0.002752
0.0068633
0.0070985
0.0063689
0.0065571
0.0034276
0.0063727
0.0067482
0.0042924
0.0085685
0.0043567
0.0054138
0.0068277
0.0051501
0.005671
0.0054412
0.0042193
0.0051086
0.0037676
0.0067973
0.0024358
0.0027547
0.003019
0.0025782
0.0080192
0.0075962
0.012728
0.010838
0.007182
0.0063713
0.004977
0.0063363
0.002569
0.0038589
0.00208
0.0044504
0.0017277
0.0039054
0.0023249
0.0063402
0.0030207
0.006163
0.0022012
0.0052416
0.0052171
0.0032439
0.0036771
0.0061954
0.0054175
0.0064659
0.0054655
0.0083552
0.0028633
0.0066271
0.0062773
0.0083098
0.0028631
0.007288
0.0060676
0.0040909
0.0065515
0.0041087
0.011484
0.0033018
0.0055031
0.0064318
0.0075168
0.0059904
0.0062836
0.0097799
0.0076215
0.0039411
0.0044846
0.0071106
0.0028061
0.0068244
0.0026363
0.0026433
0.0066853
0.0042906
0.0085345
0.005587
0.0025326
0.0069364
0.0031341
0.001747
0.0028006
0.0015814
0.0094048
0.0037548
0.003598
0.0036672
0.0022164
0.008083
0.0053672
0.0078296
0.0072244
0.0050794
0.0031928
0.0036614
0.0038518
0.0082779
0.0059556
0.0017031
0.0038879
0.0051562
0.0071192
0.0037341
0.0073607
0.0083233
0.012268
0.005331
0.0089214
0.0059813
0.0056993
0.0013529
0.004288
0.0067606
0.010353
0.0062459
0.0038481
0.0036123
0.0084603
0.0022421
0.0070222
0.0027933
0.0020159
0.0028575
0.0020776
0.0025604
0.0057676
0.0030755
0.0053973
0.0022813
0.0055471
0.010271
0.0037929
0.0051855
0.0051148
0.0029776
0.0049843
0.0055999
0.0021675
0.0099252
0.009051
0.0073315
0.0035479
0.0053441
0.0037366
0.0036976
0.014919
0.0025444
0.010399
0.0038294
0.0073376
0.0065708
0.0025559
0.0096398
0.0044057
0.0036703
0.0028308
0.0040725
0.0049826
0.010461
0.0063739
0.0072897
0.0060089
0.0071926
0.0091839
0.0025862
0.0035085
0.0048783
0.0077933
0.0023076
0.0018927
0.0034831
0.0029152
0.003069
0.0049255
0.0021492
0.0066527
0.0037851
0.010657
0.0048329
0.0050863
0.0050683
0.0025827
0.0054714
0.003138
0.009552
0.0041032
0.0051338
0.0050617
0.0040196
0.0043525
0.0011809
0.006219
0.0065753
0.0061128
0.0030949
0.0040752
0.0036759
0.0039291
0.0042839
0.0040905
0.0064409
0.0027645
0.0073262
0.009371
0.0041871
0.0055354
0.0043521
0.0038944
0.0046822
0.0093023
0.0051209
0.0080357
0.0033259
0.011132
0.0054529
0.0053948
0.0025813
0.0083363
0.005301
0.0082467
0.010584
0.0074629
0.0030212
0.0029471
0.0065325
0.0043623
0.0031681
0.0051751
0.0061939
0.0043752
0.0045311
0.00659
0.0046074
0.007725
0.0053234
0.001794
0.0017631
0.0057531
0.0020501
0.0055494
0.005265
0.0040944
0.0085365
0.0055659
0.0029884
0.0021814
0.0033516
0.0043321
0.0027472
0.0017796
0.0032704
0.005322
0.0059565
0.0018969
0.0074467
0.0097062
0.0049763
0.0075362
0.0053763
0.0025856
0.0043865
0.0087166
0.0084155
0.006543
0.0064308
0.0061521
0.0025156
0.0034554
0.0050244
0.0039137
0.002903
0.0052046
0.0041905
0.008374
0.0066544
0.0064483
0.0039943
0.0038521
0.0036057
0.0028272
0.0026586
0.0091144
0.0064912
0.0037844
0.0047031
0.0040224
0.015078
0.0043431
0.002358
0.0051326
0.0043773
0.0039925
0.010049
0.0040144
0.0028744
0.0063336
0.0026829
0.0028226
0.0021069
0.0035901
0.0067196
0.0027694
0.0096776
0.0044141
0.0072685
0.0026428
0.0058306
0.0021664
0.01018
0.0063323
0.0050774
0.010873
0.0048671
0.004602
0.0091738
0.0095594
0.0042638
0.0059611
0.001691
0.0098855
0.0033745
0.0025234
0.0038663
0.008367
0.0036485
0.0043037
0.0021687
0.0044586
0.0026587
0.0055963
0.0094984
0.0064116
0.0075024
0.01053
0.0047539
0.0054786
0.003925
0.0079104
0.0037757
0.0066888
0.0026326
0.0042975
0.0035768
0.0038443
0.0028025
0.0080149
0.0054453
0.0063399
0.0077898
0.0019476
0.0047881
0.0038209
0.0022792
0.0033831
0.0085944
0.0055349
0.0036835
0.0056809
0.0032149
0.0067698
0.0028312
0.0061335
0.0041337
0.0074156
0.0035297
0.0091993
0.0031284
0.0067154
0.0029129
0.0059453
0.0054245
0.0055502
0.0066569
0.0019002
0.0037794
0.0082479
0.0042893
0.0030514
0.0034812
0.0055071
0.0065771
0.010544
0.0030837
0.0032257
0.0064136
0.0048121
0.0076308
0.0065574
0.0089619
0.0032923
0.0059314
0.0022093
0.0072283
0.0050683
0.0056949
0.0046965
0.004181
0.0045447
0.0078028
0.0029791
0.0030743
0.0077408
0.0023609
0.0087857
0.0024666
0.0015696
0.010472
0.0061171
0.0062756
0.0094924
0.0061843
0.0061714
0.0044815
0.004819
0.0086327
0.0029418
0.0083777
0.005645
0.0037576
0.0042321
0.011195
0.0027195
0.0045024
0.0045577
0.0030144
0.0042747
0.0022631
0.006202
0.0026088
0.0058921
0.0066462
0.0092202
0.0095464
0.0027762
0.0039152
0.0060237
0.005854
0.0099539
0.0042566
0.0042984
0.0017201
0.0094375
0.0040522
0.0072115
0.0036555
0.0048824
0.0027397
0.0040051
0.0016835
0.0062307
0.0083814
0.0025645
0.0085589
0.0038967
0.0052864
0.0038735
0.0015743
0.0017841
0.0070557
0.0032984
0.0058265
0.0031449
0.0039992
0.0056046
0.0058498
0.0030536
0.0020394
0.0064242
0.006455
0.0035927
0.0030658
0.0034004
0.0063491
0.0082662
0.0029207
0.0039422
0.0023551
0.0052762
0.0047457
0.0073363
0.0041343
0.0063287
0.0034279
0.0083148
0.005752
0.0053827
0.0026773
0.0073806
0.0055547
0.0038953
0.0073871
0.0050502
0.003871
0.0041591
0.0033756
0.0077893
0.0032863
0.0043855
0.0018098
0.0027366
0.008144
0.0026476
0.011619
0.00901
0.005409
0.0079663
0.0064537
0.0018287
0.0053006
0.0032034
0.005303
0.005884
0.011215
0.0046932
0.0070762
0.005873
0.0059582
0.0028009
0.0045916
0.0043799
0.002031
0.0029518
0.0057154
0.0072588
0.0035413
0.0027339
0.0035638
0.010705
0.0055502
0.0029795
0.0049173
0.0046641
0.0026031
0.0037235
0.0047281
0.0028528
0.0023451
0.0075053
0.0027106
0.0049188
0.0034443
0.0024155
0.0016692
0.003429
0.0062056
0.0059246
0.0017907
0.0074817
0.0030208
0.0087024
0.0032012
0.0075994
0.0050386
0.0067621
0.0060354
0.0050224
0.011041
0.010775
0.0029659
0.0090391
0.0069279
0.0049804
0.0051237
0.0065942
0.0014596
0.0040538
0.0017115
0.0068823
0.0035462
0.0082163
0.003646
0.0063423
0.0032757
0.0044449
0.0037698
0.0030807
0.0051228
0.010609
0.0075146
0.0019049
0.011666
0.0061362
0.0074221
0.0031882
0.0027574
0.0050495
0.010808
0.005882
0.0019176
0.0063672
0.0049216
0.0026232
0.0050288
0.0034955
0.0033329
0.0031421
0.001175
0.0040239
0.003962
0.0051427
0.0041544
0.0041633
0.0046485
0.0082244
0.0050665
0.0055357
0.0080067
0.0029203
0.0049733
0.0030838
0.0078567
0.0021046
0.0024443
0.0049137
0.0039174
0.0044504
0.0024031
0.0040047
0.0018241
0.0068144
0.0023607
0.0038377
0.0019534
0.0052421
0.0063101
0.0052136
0.0052217
0.003355
0.0072736
0.0028442
0.0041462
0.005182
0.00089211
0.010314
0.0059612
0.0043661
0.0097336
0.0048223
0.0050482
0.007804
0.0048134
0.0024439
0.006063
0.0056223
0.0025972
0.0022751
0.0046773
0.0028705
0.0067197
0.01234
0.0068256
0.0062322
0.0039221
0.0030431
0.0018313
0.0033998
0.0059328
0.0033949
0.0063757
0.0018438
0.0047799
0.0057217
0.0052407
0.0029673
0.0046587
0.0084421
0.0056289
0.0045998
0.0055613
0.0024669
0.0080812
0.0088979
0.0037391
0.0056731
0.0075565
0.0044408
0.0048859
0.010862
0.0067663
0.0043522
0.0040971
0.0071974
0.0045277
0.0027719
0.0027894
0.0022497
0.0039448
0.0032189
0.0056519
0.0036834
0.002218
0.0023853
0.0071103
0.0045008
0.0056136
0.0025815
0.0031121
0.0026328
0.010387
0.0034535
0.0087601
0.0027158
0.0096623
0.0069078
0.0069723
0.0091574
0.0027961
0.0086853
0.0037654
0.0039104
0.0021404
0.0050476
0.0028029
0.0026891
0.0040951
0.0037009
0.0055678
0.0070427
0.0028515
0.0031031
0.0030069
0.005892
0.0064366
0.0029187
0.0015605
0.0025772
0.0067951
0.0051346
0.004946
0.0019768
0.0086435
0.0035621
0.0019388
0.010102
0.005902
0.0051567
0.0018137
0.0041848
0.0022045
0.0053457
0.0016512
0.0093516
0.0039485
0.0057192
0.003159
0.0032961
0.0020087
0.0068453
0.0037178
0.0082618
0.0043073
0.0032304
0.0052183
0.0035456
0.0022263
0.0065097
0.0018901
0.0070809
0.0023119
0.012358
0.0028681
0.006682
0.008878
0.0048516
0.0041395
0.0064114
0.0062023
0.0055705
0.0042704
0.003621
0.0026128
0.0078505
0.0033677
0.0039364
0.0045593
0.0023512
0.0026489
0.0078758
0.0011361
0.0046067
0.0030882
0.010795
0.0058019
0.0025559
0.0039579
0.0019278
0.0035911
0.0042802
0.003625
0.0044722
0.007744
0.0028857
0.0046219
0.0043249
0.0025272
0.001993
0.013714
0.0101
0.0040951
0.0093668
0.0076427
0.0017308
0.0066375
0.0035784
0.0061483
0.0022239
0.0051662
0.0017743
0.0036868
0.0015169
0.0080305
0.0077625
0.0090303
0.0032208
0.0039187
0.0053223
0.0056051
0.0064477
0.0055434
0.0032671
0.0057306
0.0030629
0.0026771
0.0096253
0.0039646
0.0063929
0.0019661
0.0038523
0.0082681
0.0025093
0.003627
0.0016924
0.0017559
0.0067147
0.0045174
0.0075995
0.0034417
0.0036678
0.0036361
0.0070797
0.0045252
0.0034343
0.0057818
0.0041301
0.0067829
0.0066233
0.0076755
0.0057323
0.0033785
0.0011361
0.004696
0.0026203
0.002105
0.0063446
0.0054958
0.0034391
0.0021664
0.0068077
0.0031349
0.0034831
0.0032919
0.0098536
0.007773
0.0036301
0.0045965
0.004684
0.0037129
0.0074525
0.0029953
0.0046148
0.01119
0.0045623
0.0061455
0.0026983
0.005459
0.0041738
0.0087415
0.0037318
0.0049361
0.0064607
0.0050518
0.0030272
0.0047665
0.0026742
0.0062164
0.0054426
0.0063236
0.0052841
0.0051419
0.0021006
0.0087508
0.0017256
0.0040497
